46
28
94
17
46
79
20
10
28
80
53
21
80
22
90
48
43
9
84
88
54
40
83
98
38
87
26
72
74
1
100
27
36
70
62
21
60
95
53
59
75
80
33
57
93
9
46
69
42
37
26
21
18
14
11
92
44
82
40
64
55
87
74
58
40
69
52
34
31
4
42
18
19
86
43
49
4
50
79
91
4
31
22
77
87
67
26
69
94
17
81
89
49
51
37
24
45
37
24
67
4
27
65
23
4
82
84
6
58
7
11
58
17
55
75
59
44
74
18
78
73
48
21
47
7
26
72
10
79
35
37
39
52
36
84
88
41
75
59
17
13
52
81
44
5
64
68
47
78
16
44
53
28
32
39
40
38
19
18
86
69
83
8
13
38
31
39
5
36
33
2
11
96
25
22
72
64
2
61
60
10
96
57
82
46
12
91
89
33
50
45
17
59
27
78
47
46
83
19
90
43
98
21
3
38
7
43
15
10
6
75
90
95
52
49
57
48
62
99
5
33
3
78
88
89
58
32
5
25
10
22
66
50
38
66
8
97
59
49
69
66
45
5
77
84
28
23
73
49
55
